_RICE_CONSTANT:
  xA_0: 14.64631280808361
  xK_0: 1.72055618
  xL_0: 25.688079
  xL_a: 42.876774
  xa_1: 0
  xa_2: 0.00236
  xa_3: 2
  xdelta_A: 0.011905229712924126
  xg_A: 0.03225906182174865
  xgamma: 0.3
  xl_g: 0.015383288730084035
  xmitigation_0: 0.016614425716180402
  xsaving_0: 0.28
  xsigma_0: 0.30064856635224935
  xtax: 0.3
