_RICE_CONSTANT:
  xA_0: 4.3701437201278726
  xK_0: 0.98837432
  xL_0: 214.326223
  xL_a: 180.682762
  xa_1: 0
  xa_2: 0.00236
  xa_3: 2
  xdelta_A: 0.0720114890085578
  xg_A: 0.05395072933316747
  xgamma: 0.3
  xl_g: 0.040365920731965925
  xmitigation_0: 0.009649996080312796
  xsaving_0: 0.20999999999999996
  xsigma_0: 0.29532784052974
  xtax: 0.34
