_RICE_CONSTANT:
  xA_0: 1.5799263961127499
  xK_0: 0.005651084
  xL_0: 11.447569
  xL_a: 14.76045
  xa_1: 0
  xa_2: 0.00236
  xa_3: 2
  xdelta_A: 0.1666197340628009
  xg_A: 0.09513632567731387
  xgamma: 0.3
  xl_g: 0.02014608182202874
  xmitigation_0: 0.0
  xsaving_0: -0.050000000000000044
  xsigma_0: 0.232829131058443
  xtax: 0.3
