_RICE_CONSTANT:
  xA_0: 12.137313151686918
  xK_0: 6.71821955
  xL_0: 125.681593
  xL_a: 74.959378
  xa_1: 0
  xa_2: 0.00236
  xa_3: 2
  xdelta_A: 0.41052748518254123
  xg_A: 0.482139270109271
  xgamma: 0.3
  xl_g: -0.008332932619177042
  xmitigation_0: 0.02312163538473929
  xsaving_0: 0.26
  xsigma_0: 0.21142424458493794
  xtax: 0.2974
