_RICE_CONSTANT:
  xA_0: 2.7786677367984325
  xK_0: 0.06557481
  xL_0: 37.076584
  xL_a: 44.707864
  xa_1: 0
  xa_2: 0.00236
  xa_3: 2
  xdelta_A: 0.13260408342824423
  xg_A: 0.03582185904962519
  xgamma: 0.3
  xl_g: 0.025763516540009933
  xmitigation_0: 0.0
  xsaving_0: 0.21999999999999997
  xsigma_0: 0.578759621388471
  xtax: 0.31
