_RICE_CONSTANT:
  xA_0: 6.121858074999408
  xK_0: 0.3996167
  xL_0: 126.705138
  xL_a: 141.509942
  xa_1: 0
  xa_2: 0.00236
  xa_3: 2
  xdelta_A: 0.6217048364061012
  xg_A: 0.2628512630614064
  xgamma: 0.3
  xl_g: 0.03055528250135158
  xmitigation_0: 0.0
  xsaving_0: 0.22999999999999998
  xsigma_0: 0.3698218023682484
  xtax: 0.3
