_RICE_CONSTANT:
  xA_0: 0.7387205603076474
  xK_0: 1.582162132
  xL_0: 231.402117
  xL_a: 403.102827
  xa_1: 0
  xa_2: 0.00236
  xa_3: 2
  xdelta_A: 0.26154664169596326
  xg_A: 0.18137546836820886
  xgamma: 0.3
  xl_g: 0.018549257057420332
  xmitigation_0: 0.0
  xsaving_0: 0.06000000000000005
  xsigma_0: 0.6450890244342995
  xtax: 0.29
