_RICE_CONSTANT:
  xA_0: 2.4699643880710687
  xK_0: 0.27279029
  xL_0: 113.880328
  xL_a: 146.327441
  xa_1: 0
  xa_2: 0.00236
  xa_3: 2
  xdelta_A: 0.04710359915320199
  xg_A: 0.05210762476938305
  xgamma: 0.3
  xl_g: 0.02257684290350906
  xmitigation_0: 0.001610863290666671
  xsaving_0: 0.09999999999999998
  xsigma_0: 0.3883777758194014
  xtax: 0.3
