_RICE_CONSTANT:
  xA_0: 14.319396538470475
  xK_0: 0.045084482
  xL_0: 3.262693
  xL_a: 1.216779
  xa_1: 0
  xa_2: 0.00236
  xa_3: 2
  xdelta_A: 0.1491309572482535
  xg_A: 0.059744112023805925
  xgamma: 0.3
  xl_g: -0.004307874902516499
  xmitigation_0: 0.0
  xsaving_0: 0.25
  xsigma_0: 0.2159461857762363
  xtax: 0.375
