_RICE_CONSTANT:
  xA_0: 11.993029825327573
  xK_0: 0.02551318
  xL_0: 19.11988
  xL_a: 11.877961
  xa_1: 0
  xa_2: 0.00236
  xa_3: 2
  xdelta_A: 0.0050000000000006975
  xg_A: 0.0437349331131842
  xgamma: 0.3
  xl_g: -0.0007580968818173509
  xmitigation_0: 0.01320086233988904
  xsaving_0: 0.19999999999999996
  xsigma_0: 0.287544422631805
  xtax: 0.16
