_RICE_CONSTANT:
  xA_0: 0.9852926837841698
  xK_0: 0.008906316
  xL_0: 45.657202
  xL_a: 142.342356
  xa_1: 0
  xa_2: 0.00236
  xa_3: 2
  xdelta_A: 0.005000000000000147
  xg_A: -0.0038676729682740997
  xgamma: 0.3
  xl_g: 0.01380468689975048
  xmitigation_0: 0.0
  xsaving_0: 0.040000000000000036
  xsigma_0: 0.8097266702573391
  xtax: 0.35
