_RICE_CONSTANT:
  xA_0: 3.81045483958528
  xK_0: 0.5431646
  xL_0: 71.601103
  xL_a: 46.015553
  xa_1: 0
  xa_2: 0.00236
  xa_3: 2
  xdelta_A: 0.03414068540661122
  xg_A: 0.051819059316981025
  xgamma: 0.3
  xl_g: 0.010620411640931006
  xmitigation_0: 0.001160696385125045
  xsaving_0: 0.30000000000000004
  xsigma_0: 0.5583922847273249
  xtax: 0.2
