_RICE_CONSTANT:
  xA_0: 2.105047154345767
  xK_0: 0.00648198
  xL_0: 63.588334
  xL_a: 285.651846
  xa_1: 0
  xa_2: 0.00236
  xa_3: 2
  xdelta_A: 0.005000000000000096
  xg_A: 0.0637994148218385
  xgamma: 0.3
  xl_g: 0.012022636276337349
  xmitigation_0: 8.6128301738499e-05
  xsaving_0: 0.38
  xsigma_0: 0.22999172791406666
  xtax: 0.3
