_RICE_CONSTANT:
  xA_0: 3.076722269841514
  xK_0: 0.071025744
  xL_0: 43.792855
  xL_a: 24.413452
  xa_1: 0
  xa_2: 0.00236
  xa_3: 2
  xdelta_A: 0.17659531564321618
  xg_A: 0.21365774106275373
  xgamma: 0.3
  xl_g: -0.0004350251192213139
  xmitigation_0: 0.0045088156607061705
  xsaving_0: 0.14
  xsigma_0: 1.113429164210131
  xtax: 0.18
