_RICE_CONSTANT:
  xA_0: 15.534338781336814
  xK_0: 51.81292048
  xL_0: 370.321816
  xL_a: 490.844048
  xa_1: 0
  xa_2: 0.00236
  xa_3: 2
  xdelta_A: 0.14897533790084425
  xg_A: 0.05077200852771725
  xgamma: 0.3
  xl_g: 0.02222545432911701
  xmitigation_0: 0.004695057358423016
  xsaving_0: 0.26981748674041106
  xsigma_0: 0.2249070619272021
  xtax: 0.0
  ximport:
    '2': 0.2813799933
    '6': 0.2847833398
    '4': 0.1209730106
    '1': 0.1132266085
    '5': 0.7344245026
    '7': 0.4492039275
    '3': 0.0
  xexport: 0.0240446415
