_RICE_CONSTANT:
  xA_0: 3.472127033718555
  xK_0: 5.146924844
  xL_0: 426.910008
  xL_a: 693.87925
  xa_1: 0
  xa_2: 0.00236
  xa_3: 2
  xdelta_A: 0.1937124127928854
  xg_A: 0.12234900504111232
  xgamma: 0.3
  xl_g: 0.03025373496168595
  xmitigation_0: 0.002990845456964042
  xsaving_0: 0.24661865913346737
  xsigma_0: 0.804025097088503
  xtax: 0.0
  ximport:
    '2': 0.1998187573
    '6': 0.1711210358
    '4': 0.0
    '1': 0.0466995323
    '5': 0.0197956709
    '7': 0.0828301906
    '3': 0.0645355789
  xexport: 0.066261624
