_RICE_CONSTANT:
  xA_0: 5.0299201880434214
  xK_0: 1.4143143277370762
  xL_0: 105.153303
  xL_a: 144.22103052932195
  xa_1: 0
  xa_2: 0.00236
  xa_3: 2
  xdelta_A: 0.1812596161682451
  xg_A: 0.07107458461709426
  xgamma: 0.3
  xl_g: 0.027319897112749198
  xmitigation_0: 0.0056055818625078135
  xsaving_0: 0.1733764329715184
  xsigma_0: 0.40548098756168244
  xtax: 0.0
