_RICE_CONSTANT:
  xA_0: 13.33579823329102
  xK_0: 0.29483194
  xL_0: 9.365145
  xL_a: 12.909869
  xa_1: 0
  xa_2: 0.00236
  xa_3: 2
  xdelta_A: 0.17357149320077736
  xg_A: 0.08678549246009722
  xgamma: 0.3
  xl_g: 0.02770068746289695
  xmitigation_0: 0.01003943647816249
  xsaving_0: 0.45999999999999996
  xsigma_0: 0.5665333132405459
  xtax: 0.0
