_RICE_CONSTANT:
  xA_0: 4.625425085527382
  xK_0: 0.005651084
  xL_0: 2.588423
  xL_a: 4.165861
  xa_1: 0
  xa_2: 0.00236
  xa_3: 2
  xdelta_A: 0.04030782943756404
  xg_A: 0.001987446715919952
  xgamma: 0.3
  xl_g: 0.019193746094867643
  xmitigation_0: 0.006067160109415671
  xsaving_0: 0.26
  xsigma_0: 0.4055428285560118
  xtax: 0.22
