_RICE_CONSTANT:
  xA_0: 12.144861657615696
  xK_0: 2.64145467
  xL_0: 38.226498
  xL_a: 56.953224
  xa_1: 0
  xa_2: 0.00236
  xa_3: 2
  xdelta_A: 0.024523179720248277
  xg_A: 0.027734910132924544
  xgamma: 0.3
  xl_g: 0.01637639910818132
  xmitigation_0: 0.01415140626186125
  xsaving_0: 0.24
  xsigma_0: 0.33022463373778876
  xtax: 0.2647
