_RICE_CONSTANT:
  xA_0: 14.393472198398426
  xK_0: 2.078391561408906
  xL_0: 67.0263
  xL_a: 78.053263
  xa_1: 0
  xa_2: 0.00236
  xa_3: 2
  xdelta_A: 0.10947587798392275
  xg_A: 0.1694413293628324
  xgamma: 0.3
  xl_g: 0.012686119302579884
  xmitigation_0: 0.013749117471610284
  xsaving_0: 0.18000000000000005
  xsigma_0: 0.12012643358088376
  xtax: 0.19
