_RICE_CONSTANT:
  xA_0: 3.4215739056927057
  xK_0: 0.01820566
  xL_0: 11.148278
  xL_a: 13.64411
  xa_1: 0
  xa_2: 0.00236
  xa_3: 2
  xdelta_A: 0.005000000000000115
  xg_A: 0.03246069630386002
  xgamma: 0.3
  xl_g: 0.02530524433941832
  xmitigation_0: 0.000932914367884445
  xsaving_0: 0.08999999999999997
  xsigma_0: 0.5066095102180823
  xtax: 0.2
