_RICE_CONSTANT:
  xA_0: 3.0675213274541604
  xK_0: 0.05656903
  xL_0: 213.401323
  xL_a: 732.941596
  xa_1: 0
  xa_2: 0.00236
  xa_3: 2
  xdelta_A: 0.11993631023570507
  xg_A: 0.15739435054948359
  xgamma: 0.3
  xl_g: 0.011799474206200623
  xmitigation_0: 0.0
  xsaving_0: 0.32999999999999996
  xsigma_0: 0.27272553074941536
  xtax: 0.3
