_RICE_CONSTANT:
  xA_0: 2.5168357282900193
  xK_0: 0.010376618
  xL_0: 34.9151
  xL_a: 42.270842
  xa_1: 0
  xa_2: 0.00236
  xa_3: 2
  xdelta_A: 0.09555020091561811
  xg_A: 0.16811434303141065
  xgamma: 0.3
  xl_g: 0.026877756135560628
  xmitigation_0: 0.000416163333953061
  xsaving_0: 0.24
  xsigma_0: 2.0201153262299547
  xtax: 0.075
