_RICE_CONSTANT:
  xA_0: 3.3536599779805853
  xK_0: 41.10081805217814
  xL_0: 5743.89274
  xL_a: 8610.583251
  xa_1: 0
  xa_2: 0.00236
  xa_3: 2
  xdelta_A: 0.10885977923652478
  xg_A: 0.07187915950575413
  xgamma: 0.3
  xl_g: 0.025797795318335242
  xmitigation_0: 0.0045113113800263616
  xsaving_0: 0.1547159501733102
  xsigma_0: 0.6237261513049005
  xtax: 0.0
  ximport:
    '1': 0.0
    '2': 0.6178590324
    '3': 0.6031601118
  xexport: 0.0421822866
