_RICE_CONSTANT:
  xA_0: 5.000360862831762
  xK_0: 2.289358084859004
  xL_0: 165.293239
  xL_a: 230.19114338372032
  xa_1: 0
  xa_2: 0.00236
  xa_3: 2
  xdelta_A: 0.18278991377259912
  xg_A: 0.07108490122759262
  xgamma: 0.3
  xl_g: 0.026773049602328805
  xsigma_0: 0.4187771240034329
