_RICE_CONSTANT:
  xA_0: 29.853559456004625
  xK_0: 2.019951041942154
  xL_0: 165.75054
  xL_a: 216.9269455
  xa_1: 0
  xa_2: 0.00236
  xa_3: 2
  xdelta_A: 0.08802757142538145
  xg_A: 0.07541285925058157
  xgamma: 0.3
  xl_g: -0.0024986057450947508
  xsigma_0: 0.25439108584131914
