_RICE_CONSTANT:
  xA_0: 4.135420683261054
  xK_0: 1.00243116
  xL_0: 103.2943
  xL_a: 87.417937
  xa_1: 0
  xa_2: 0.00236
  xa_3: 2
  xdelta_A: 0.1577590297489783
  xg_A: 0.12252697231832654
  xgamma: 0.3
  xl_g: -0.06254962519160859
  xsigma_0: 0.6013249328720022
