_RICE_CONSTANT:
  xA_0: 13.48359216204
  xK_0: 69.059088
  xL_0: 329.064917
  xL_a: 433.853891
  xa_1: 0
  xa_2: 0.00236
  xa_3: 2
  xdelta_A: 0.04654751370122317
  xg_A: 0.009909723610854597
  xgamma: 0.3
  xl_g: 0.01740803559658916
  xsigma_0: 0.247474019
