_RICE_CONSTANT:
  xA_0: 5.399905806926029
  
  xK_0: 101.544168
  xL_0: 1433.783686
  xL_a: 1064.993456
  xa_1: 0
  xa_2: 0.00236
  xa_3: 2
  xdelta_A: 0.31440371179546617
  xg_A: -0.07001743629428586
  xgamma: 0.3
  xl_g: 0.02448535243328235
  xsigma_0: 0.485811075
