_RICE_CONSTANT:
  xA_0: 8.405493223457656
  xK_0: 3.30354611
  xL_0: 68.394527
  xL_a: 93.497311
  xa_1: 0
  xa_2: 0.00236
  xa_3: 2
  xdelta_A: 0.1880269001436297
  xg_A: 0.10300420806704261
  xgamma: 0.3
  xl_g: 0.05753057218640376
  xsigma_0: 0.5289744017993728
