_RICE_CONSTANT:
  xA_0: 2.4596628149703816
  xK_0: 0.183982308
  xL_0: 513.737375
  xL_a: 1867.771496
  xa_1: 0
  xa_2: 0.00236
  xa_3: 2
  xdelta_A: 1.8390289471577375
  xg_A: 0.46217845237530203
  xgamma: 0.3
  xl_g: 0.017149514576045286
  xsigma_0: 0.3103140976545981
