_RICE_CONSTANT:
  xA_0: 23.314991608844633
  xK_0: 3.0391651447451187
  xL_0: 109.39535640000001
  xL_a: 143.17178403
  xa_1: 0
  xa_2: 0.00236
  xa_3: 2
  xdelta_A: 0.08802757821836926
  xg_A: 0.07541286104378697
  xgamma: 0.3
  xl_g: -0.002498605753950543
  xsigma_0: 0.25439108584131914
