_RICE_CONSTANT:
  xA_0: 9.633893693772771
  xK_0: 0.6076078389971926
  xL_0: 465.60668946000004
  xL_a: 351.44784048
  xa_1: 0
  xa_2: 0.00236
  xa_3: 2
  xdelta_A: 0.09603760623634239
  xg_A: 0.16817991622593043
  xgamma: 0.3
  xl_g: -0.015844877094273714
  xsigma_0: 0.7813181890031158
