_RICE_CONSTANT:
  xA_0: 6.687582026799818
  xK_0: 0.18454942
  xL_0: 19.493184
  xL_a: 17.332335
  xa_1: 0
  xa_2: 0.00236
  xa_3: 2
  xdelta_A: 0.0383309627590946
  xg_A: 0.06703295156986194
  xgamma: 0.3
  xl_g: 0.03283744533940812
  xmitigation_0: 0.001873222433084816
  xsaving_0: 0.24
  xsigma_0: 0.3514120044225516
  xtax: 0.25
