_RICE_CONSTANT:
  xA_0: 17.31228029857177
  xK_0: 2.28410884
  xL_0: 83.196078
  xL_a: 74.740596
  xa_1: 0
  xa_2: 0.00236
  xa_3: 2
  xdelta_A: 0.0654004640764277
  xg_A: 0.07310134820028405
  xgamma: 0.3
  xl_g: -0.015183519827088873
  xmitigation_0: 0.011861315505122101
  xsaving_0: 0.29000000000000004
  xsigma_0: 0.16328016768758205
  xtax: 0.29897059
