_RICE_CONSTANT:
  xA_0: 3.2524594990959845
  xK_0: 0.49608605
  xL_0: 273.753191
  xL_a: 320.782426
  xa_1: 0
  xa_2: 0.00236
  xa_3: 2
  xdelta_A: 0.030378935229283404
  xg_A: 0.07175341946687122
  xgamma: 0.3
  xl_g: 0.0269867542977589
  xmitigation_0: 0.0026224344213099187
  xsaving_0: 0.36
  xsigma_0: 0.5597811590667499
  xtax: 0.25
