_RICE_CONSTANT:
  xA_0: 3.7878389592869306
  xK_0: 0.004545738
  xL_0: 0.521457
  xL_a: 0.490058
  xa_1: 0
  xa_2: 0.00236
  xa_3: 2
  xdelta_A: 0.10041628160494376
  xg_A: 0.10575556939916049
  xgamma: 0.3
  xl_g: 0.025610878278331008
  xmitigation_0: 0.003650836967842463
  xsaving_0: 0.47
  xsigma_0: 0.4085402455081909
  xtax: 0.15
