_RICE_CONSTANT:
  xA_0: 5.029920188043421
  xK_0: 1.4143143277370762
  xL_0: 105.153303
  xL_a: 144.22103052932195
  xa_1: 0
  xa_2: 0.00236
  xa_3: 2
  xdelta_A: 0.18125961025086382
  xg_A: 0.07107458670515104
  xgamma: 0.3
  xl_g: 0.027319897112749198
  xmitigation_0: 0.0056055818625078135
  xsaving_0: 0.1733764329715184
  xsigma_0: 0.40548098756168244
  xtax: 0.0
