_RICE_CONSTANT:
  xA_0: 1.4306359140000688
  xK_0: 1.360294072
  xL_0: 1120.60297
  xL_a: 3798.112507
  xa_1: 0
  xa_2: 0.00236
  xa_3: 2
  xdelta_A: 0.19981910181388365
  xg_A: 0.1179398505567958
  xgamma: 0.3
  xl_g: 0.018338522492135006
  xmitigation_0: 0.002193800011228264
  xsaving_0: 0.14433855338389745
  xsigma_0: 0.46943133188409203
  xtax: 0.0
  ximport:
    '2': 0.0923139035
    '6': 0.0698431736
    '4': 0.0807457566
    '1': 0.0
    '5': 0.017710336
    '7': 0.034915404
    '3': 0.0237054934
  xexport: 0.0279232532
