_RICE_CONSTANT:
  xA_0: 1.6513100634288878
  xK_0: 2.76837949817814
  xL_0: 1882.53162
  xL_a: 2116.619165
  xa_1: 0
  xa_2: 0.00236
  xa_3: 2
  xdelta_A: 0.05794460795378943
  xg_A: 0.07060843629555238
  xgamma: 0.3
  xl_g: 0.05667264695408548
  xmitigation_0: 0.0013556943948531686
  xsaving_0: 0.13915376098144994
  xsigma_0: 0.7596109048981029
  xtax: 0.0
  ximport:
    '2': 0.0
    '6': 0.0514495959
    '4': 0.1047861736
    '1': 0.1234752882
    '5': 0.0073263987
    '7': 0.0692672842
    '3': 0.0283607155
  xexport: 0.0560323837
