_RICE_CONSTANT:
  xA_0: 4.977567780970618
  xK_0: 2.270625026
  xL_0: 621.503627
  xL_a: 643.61571
  xa_1: 0
  xa_2: 0.00236
  xa_3: 2
  xdelta_A: 0.15734260053793894
  xg_A: 0.0944792657482466
  xgamma: 0.3
  xl_g: 0.07335791828795274
  xmitigation_0: 0.0025865875668802385
  xsaving_0: 0.12623527759556374
  xsigma_0: 0.3199112395010372
  xtax: 0.0
  ximport:
    '2': 0.0381999156
    '6': 0.0973576278
    '4': 0.0260334414
    '1': 0.0556960775
    '5': 0.0
    '7': 0.0670637224
    '3': 0.2575215943
  xexport: 0.0548905898
