_RICE_CONSTANT:
  xA_0: 5.205843662154584
  xK_0: 31.825219638
  xL_0: 2313.848142
  xL_a: 2001.972329
  xa_1: 0
  xa_2: 0.00236
  xa_3: 2
  xdelta_A: 0.08033261389606851
  xg_A: 0.0657884389442416
  xgamma: 0.3
  xl_g: -0.06795594550467084
  xmitigation_0: 0.009479931312842416
  xsaving_0: 0.12128123018140746
  xsigma_0: 0.594380578832421
  xtax: 0.0
  ximport:
    '2': 0.1301657406
    '6': 0.3254452271
    '4': 0.358599992
    '1': 0.1585497579
    '5': 0.0813755042
    '7': 0.0
    '3': 0.3494983066
  xexport: 0.0569208725
