_RICE_CONSTANT:
  xA_0: 2.7720452698159135
  xK_0: 0.082025734
  xL_0: 44.177969
  xL_a: 70.704619
  xa_1: 0
  xa_2: 0.00236
  xa_3: 2
  xdelta_A: 0.1776838135038181
  xg_A: 0.21122558333634867
  xgamma: 0.3
  xl_g: 0.01836602260764359
  xmitigation_0: 0.000964384167931413
  xsaving_0: 0.39
  xsigma_0: 1.1668860414126434
  xtax: 0.26
