_RICE_CONSTANT:
  xA_0: 1.223520807765804
  xK_0: 0.045084482
  xL_0: 120.283026
  xL_a: 294.392903
  xa_1: 0
  xa_2: 0.00236
  xa_3: 2
  xdelta_A: 0.05367132558773944
  xg_A: 0.14923825911545546
  xgamma: 0.3
  xl_g: 0.014386391268350649
  xmitigation_0: 0.000376730136606266
  xsaving_0: 0.18999999999999995
  xsigma_0: 0.17695455345868946
  xtax: 0.3
