_RICE_CONSTANT:
  xA_0: 3.6825485642826163
  xK_0: 0.068690144
  xL_0: 43.533592
  xL_a: 107.711273
  xa_1: 0
  xa_2: 0.00236
  xa_3: 2
  xdelta_A: 0.11415702895322949
  xg_A: 0.16732918648946538
  xgamma: 0.3
  xl_g: 0.015544801014247043
  xmitigation_0: 0.0
  xsaving_0: 0.42000000000000004
  xsigma_0: 0.9513236576087646
  xtax: 0.15
