_RICE_CONSTANT:
  xA_0: 6.27100029665129
  xK_0: 0.23747362
  xL_0: 84.775404
  xL_a: 86.170462
  xa_1: 0
  xa_2: 0.00236
  xa_3: 2
  xdelta_A: 0.05379109629081698
  xg_A: 0.08361795788193765
  xgamma: 0.3
  xl_g: 0.0297729566872326
  xmitigation_0: 0.006332586695307978
  xsaving_0: 0.31999999999999995
  xsigma_0: 0.5953842744411522
  xtax: 0.22
