_RICE_CONSTANT:
  xA_0: 15.00299125478314
  xK_0: 40.7196614
  xL_0: 332.031554
  xL_a: 433.853891
  xa_1: 0
  xa_2: 0.00236
  xa_3: 2
  xdelta_A: 0.08753036093938123
  xg_A: 0.07524715076214285
  xgamma: 0.3
  xl_g: 0.017354308063247597
  xmitigation_0: 0.0
  xsaving_0: 0.18000000000000005
  xsigma_0: 0.2159461857762363
  xtax: 0.25766571
