_RICE_CONSTANT:
  xA_0: 2.4171699712571213
  xK_0: 1.05152863
  xL_0: 59.392255
  xL_a: 79.190832
  xa_1: 0
  xa_2: 0.00236
  xa_3: 2
  xdelta_A: 0.04469877316273475
  xg_A: 0.028378385535107166
  xgamma: 0.3
  xl_g: 0.024798703470697004
  xmitigation_0: 0.005647924218022278
  xsaving_0: 0.18999999999999995
  xsigma_0: 1.2260501571113445
  xtax: 0.28
