_RICE_CONSTANT:
  xA_0: 1.1531883671649308
  xK_0: 1.715781738
  xL_0: 486.144493
  xL_a: 669.593553
  xa_1: 0
  xa_2: 0.00236
  xa_3: 2
  xdelta_A: 0.181802795169495
  xg_A: 0.13134133110465562
  xgamma: 0.3
  xl_g: 0.03422350724214931
  xmitigation_0: 0.0015495149978601575
  xsaving_0: 0.20868819430582874
  xsigma_0: 0.4084888172920339
  xtax: 0.24469562638021336
