_RICE_CONSTANT:
  xA_0: 8.577815699782766
  xK_0: 3.30354611
  xL_0: 68.156525
  xL_a: 93.497311
  xa_1: 0
  xa_2: 0.00236
  xa_3: 2
  xdelta_A: 0.18486042428080385
  xg_A: 0.10358211974152212
  xgamma: 0.3
  xl_g: 0.05716627495718353
  xmitigation_0: 0.006063834533633683
  xsaving_0: 0.379767020455517
  xsigma_0: 0.587379756204209
  xtax: 0.14228917577657008
