_RICE_CONSTANT:
  xA_0: 3.9703457192710436
  xK_0: 0.107877446
  xL_0: 65.80257
  xL_a: 135.074132
  xa_1: 0
  xa_2: 0.00236
  xa_3: 2
  xdelta_A: 0.13848547669028918
  xg_A: 0.1284130568043271
  xgamma: 0.3
  xl_g: 0.026458158047568514
  xmitigation_0: 0.00035087415470980154
  xsaving_0: 0.1676061676297831
  xsigma_0: 0.8699231576557452
  xtax: 0.17980857553293217
