_RICE_CONSTANT:
  xA_0: 3.5579000509140952
  xK_0: 0.109143954
  xL_0: 64.122372
  xL_a: 135.074132
  xa_1: 0
  xa_2: 0.00236
  xa_3: 2
  xdelta_A: 0.16127452284439697
  xg_A: 0.12735655631209186
  xgamma: 0.3
  xl_g: 0.02623933488387354
  xsigma_0: 0.8162518983719008
