_RICE_CONSTANT:
  xA_0: 1.92663301826947
  xK_0: 1.423908312
  xL_0: 284.698846
  xL_a: 465.307807
  xa_1: 0
  xa_2: 0.00236
  xa_3: 2
  xdelta_A: 0.24445012982169362
  xg_A: 0.1335428337437049
  xgamma: 0.3
  xl_g: 0.024422285778436918
  xsigma_0: 1.220638524516315
