_RICE_CONSTANT:
  xA_0: 2.022033807097522
  xK_0: 1.423908312
  xL_0: 292.950913
  xL_a: 465.307807
  xa_1: 0
  xa_2: 0.00236
  xa_3: 2
  xdelta_A: 0.2265595311236071
  xg_A: 0.12337057687646498
  xgamma: 0.3
  xl_g: 0.0270182776436046
  xmitigation_0: 0.0009967557887051726
  xsaving_0: 0.15014783681446797
  xsigma_0: 1.2096029297317388
  xtax: 0.24132797845702347
