_RICE_CONSTANT:
  xA_0: 8.07721372392397
  xK_0: 0.267583498
  xL_0: 28.400851
  xL_a: 23.573851
  xa_1: 0
  xa_2: 0.00236
  xa_3: 2
  xdelta_A: 0.15996482058058947
  xg_A: 0.10383199909374508
  xgamma: 0.3
  xl_g: -0.061637933649430314
  xmitigation_0: 0.003986151601720778
  xsaving_0: 0.17202236316507213
  xsigma_0: 0.309704400507311
  xtax: 0.19309651371304337
