_RICE_CONSTANT:
  xA_0: 4.939983950492083
  xK_0: 1.975495836
  xL_0: 546.294503
  xL_a: 560.054221
  xa_1: 0
  xa_2: 0.00236
  xa_3: 2
  xdelta_A: 0.15511866142491976
  xg_A: 0.09400905314397173
  xgamma: 0.3
  xl_g: 0.07804873598943861
  xmitigation_0: 0.0020965447139644766
  xsaving_0: 0.1442622062741179
  xsigma_0: 0.3216072013372725
  xtax: 0.2584785631332336
