_RICE_CONSTANT:
  xA_0: 2.501567844214403
  xK_0: 0.043635414
  xL_0: 46.808273
  xL_a: 59.987638
  xa_1: 0
  xa_2: 0.00236
  xa_3: 2
  xdelta_A: 0.05823507091892903
  xg_A: 0.04898965877477929
  xgamma: 0.3
  xl_g: 0.037546057683119895
  xmitigation_0: 0.002041035665344415
  xsaving_0: 0.06497000781023243
  xsigma_0: 0.3862034168072834
  xtax: 0.2747548783981961
