_RICE_CONSTANT:
  xA_0: 2.544780137514908
  xK_0: 1.080409098
  xL_0: 69.090525
  xL_a: 100.015768
  xa_1: 0
  xa_2: 0.00236
  xa_3: 2
  xdelta_A: 0.3349806043206619
  xg_A: 0.0804047256047189
  xgamma: 0.3
  xl_g: 0.026024132819393093
  xmitigation_0: 0.007197528717252766
  xsaving_0: 0.21725597696338395
  xsigma_0: 1.0941286338465994
  xtax: 0.27684629045844855
