_RICE_CONSTANT:
  xA_0: 2.4312149459519605
  xK_0: 0.187884562
  xL_0: 519.849071
  xL_a: 1867.771496
  xa_1: 0
  xa_2: 0.00236
  xa_3: 2
  xdelta_A: 1.7442510781910914
  xg_A: 0.45776834413544465
  xgamma: 0.3
  xl_g: 0.017533159603161624
  xmitigation_0: 0.002038302188284824
  xsaving_0: 0.17766004179246897
  xsigma_0: 0.2893760446957376
  xtax: 0.29158870920626634
