_RICE_CONSTANT:
  xA_0: 12.180992862592323
  xK_0: 2.64167507
  xL_0: 38.071059
  xL_a: 56.990157
  xa_1: 0
  xa_2: 0.00236
  xa_3: 2
  xdelta_A: 0.1305758781526189
  xg_A: 0.06271981983447363
  xgamma: 0.3
  xl_g: 0.02013317660282409
  xmitigation_0: 0.007050845916859005
  xsaving_0: 0.3175735273600484
  xsigma_0: 0.33022463373778876
  xtax: 0.12458881374482811
