_RICE_CONSTANT:
  xA_0: 12.157936179442062
  xK_0: 2.64167507
  xL_0: 38.101107
  xL_a: 56.990157
  xa_1: 0
  xa_2: 0.00236
  xa_3: 2
  xdelta_A: 0.13084887390535965
  xg_A: 0.06274070897633105
  xgamma: 0.3
  xl_g: 0.020192884216840113
  xsigma_0: 0.35044418275452427
