_RICE_CONSTANT:
  xA_0: 10.197050315733046
  xK_0: 16.184649819271257
  xL_0: 913.765681
  xL_a: 836.391544
  xa_1: 0
  xa_2: 0.00236
  xa_3: 2
  xdelta_A: 0.2297579275423417
  xg_A: 0.0909818625954906
  xgamma: 0.3
  xl_g: -0.056681852962874764
  xmitigation_0: 0.01018680014879969
  xsaving_0: 0.24449251789096405
  xsigma_0: 0.2660609092395913
  xtax: 0.0
  ximport:
    '1': 0.3999044818
    '2': 0.0
    '3': 0.3968398882
  xexport: 0.0527291405
