_RICE_CONSTANT:
  xA_0: 0.9850935316355866
  xK_0: 0.162780464
  xL_0: 531.663374
  xL_a: 1830.325243
  xa_1: 0
  xa_2: 0.00236
  xa_3: 2
  xdelta_A: 0.094873441259825
  xg_A: 0.06918882604729386
  xgamma: 0.3
  xl_g: 0.019428404661406086
  xmitigation_0: 0.0005880989931632552
  xsaving_0: 0.09616001481905778
  xsigma_0: 0.24295302114628833
  xtax: 0.2984770309867355
