_RICE_CONSTANT:
  xA_0: 0.9929511285910457
  xK_0: 0.160199062
  xL_0: 522.481879
  xL_a: 1830.325243
  xa_1: 0
  xa_2: 0.00236
  xa_3: 2
  xdelta_A: 0.08560686741591728
  xg_A: 0.06506072277236097
  xgamma: 0.3
  xl_g: 0.01902705663391574
  xsigma_0: 0.23517024551671273
