_RICE_CONSTANT:
  xA_0: 5.015720923062064
  xK_0: 1.436584122834199
  xL_0: 106.060316
  xL_a: 145.467833575453
  xa_1: 0
  xa_2: 0.00236
  xa_3: 2
  xdelta_A: 0.18113943167094987
  xg_A: 0.07098003501193723
  xgamma: 0.3
  xl_g: 0.02733881184262717
  xmitigation_0: 0.0056055818625078135
  xsaving_0: 0.18025966635267587
  xsigma_0: 0.4057471122783619
  xtax: 0.22808688263419308
