_RICE_CONSTANT:
  xA_0: 16.704554811009984
  xK_0: 14.231499544577344
  xL_0: 165.755756
  xL_a: 216.9269455
  xa_1: 0
  xa_2: 0.00236
  xa_3: 2
  xdelta_A: 0.08753036740804641
  xg_A: 0.07524715453360209
  xgamma: 0.3
  xl_g: 29772815756.25518
  xmitigation_0: 0.0
  xsaving_0: 0.18000000000000016
  xsigma_0: 0.2159461857762363
  xtax: 0.25766570999999994
