_RICE_CONSTANT:
  xA_0: 18.789470137600595
  xK_0: 6.346425325479832
  xL_0: 109.39879896000001
  xL_a: 143.17178403
  xa_1: 0
  xa_2: 0.00236
  xa_3: 2
  xdelta_A: 0.08753036093938123
  xg_A: 0.07524715076214285
  xgamma: 0.3
  xl_g: -91815802504.83824
  xmitigation_0: 0.0
  xsaving_0: 0.18000000000000016
  xsigma_0: 0.2159461857762363
  xtax: 0.25766570999999994
