_RICE_CONSTANT:
  xA_0: 30.00598250956628
  xK_0: 0.6867833542603318
  xL_0: 56.356957040000005
  xL_a: 73.75516147
  xa_1: 0
  xa_2: 0.00236
  xa_3: 2
  xdelta_A: 0.08753036093938123
  xg_A: 0.07524715076214285
  xgamma: 0.3
  xl_g: -10164373720.327168
  xmitigation_0: 0.0
  xsaving_0: 0.18000000000000016
  xsigma_0: 0.2159461857762363
  xtax: 0.25766570999999994
