_RICE_CONSTANT:
  xA_0: 5.702695264998439
  xK_0: 5.243060610790986
  xL_0: 705.55
  xL_a: 532.496728
  xa_1: 0
  xa_2: 0.00236
  xa_3: 2
  xdelta_A: 0.09636237113855138
  xg_A: 0.16831429584225455
  xgamma: 0.3
  xl_g: -0.015883373781819886
  xmitigation_0: 0.007268139653984207
  xsaving_0: 0.47
  xsigma_0: 0.7843765974742037
  xtax: 0.25
