_RICE_CONSTANT:
  xA_0: 10.895126609308406
  xK_0: 0.3999033955675564
  xL_0: 465.663
  xL_a: 351.44784048
  xa_1: 0
  xa_2: 0.00236
  xa_3: 2
  xdelta_A: 0.09636237243311581
  xg_A: 0.1683142935946934
  xgamma: 0.3
  xl_g: -0.01588337379373367
  xmitigation_0: 0.007268139653984207
  xsaving_0: 0.47
  xsigma_0: 0.7843765974742037
  xtax: 0.25
