_RICE_CONSTANT:
  xA_0: 4.787604512136675
  xK_0: 3.1935235217762745
  xL_0: 239.88700000000003
  xL_a: 181.04888752000002
  xa_1: 0
  xa_2: 0.00236
  xa_3: 2
  xdelta_A: 0.09636237818115084
  xg_A: 0.1683142972058766
  xgamma: 0.3
  xl_g: -0.015883373826713686
  xmitigation_0: 0.007268139653984207
  xsaving_0: 0.47
  xsigma_0: 0.7843765974742037
  xtax: 0.25
