_RICE_CONSTANT:
  xA_0: 3.1771082547007388
  xK_0: 0.1287514001006796
  xL_0: 698.1935635
  xL_a: 723.512806
  xa_1: 0
  xa_2: 0.00236
  xa_3: 2
  xdelta_A: 0.05370265965427618
  xg_A: 0.067630617384936
  xgamma: 0.3
  xl_g: -0.012639006083109076
  xmitigation_0: 0.0
  xsaving_0: 0.28
  xsigma_0: 0.8671484456490304
  xtax: 0.30000000000000004
