_RICE_CONSTANT:
  xA_0: 13.483351990190341
  xK_0: 15.285650950817812
  xL_0: 502.479979
  xL_a: 445.861101
  xa_1: 0
  xa_2: 0.00236
  xa_3: 2
  xdelta_A: 0.24872962442513713
  xg_A: 0.07384020948994974
  xgamma: 0.3
  xl_g: -0.03343995761207472
  xmitigation_0: 0.01343809348101388
  xsaving_0: 0.2802341947257372
  xsigma_0: 0.15295177276028013
  xtax: 0.21560377022658894
