_RICE_CONSTANT:
  xA_0: 8.679210065701124
  xK_0: 46.482161866
  xL_0: 991.086198
  xL_a: 1134.459758
  xa_1: 0
  xa_2: 0.00236
  xa_3: 2
  xdelta_A: 0.20104907218756995
  xg_A: 0.058629137808655085
  xgamma: 0.3
  xl_g: 0.043280075097423334
  xmitigation_0: 0.002757379610451416
  xsaving_0: 0.13724605361268405
  xsigma_0: 0.2401975846309522
  xtax: 0.0
  ximport:
    '1': 0.6000955182
    '2': 0.3821409676
    '3': 0.0
  xexport: 0.0172283581
