_RICE_CONSTANT:
  xA_0: 1.3623381561881636
  xK_0: 0.7362995230066375
  xL_0: 237.38581159
  xL_a: 245.99435404000002
  xa_1: 0
  xa_2: 0.00236
  xa_3: 2
  xdelta_A: 0.053702658654638774
  xg_A: 0.06763061777166234
  xgamma: 0.3
  xl_g: -0.012639006121287516
  xmitigation_0: 0.0
  xsaving_0: 0.28
  xsigma_0: 0.8671484456490304
  xtax: 0.30000000000000004
