_RICE_CONSTANT:
  xA_0: 6.386787299600672
  xK_0: 1.094110266
  xL_0: 317.880267
  xL_a: 287.533185
  xa_1: 0
  xa_2: 0.00236
  xa_3: 2
  xdelta_A: 0.19401001361417486
  xg_A: 0.23666124530625898
  xgamma: 0.3
  xl_g: -0.052512175141607595
  xsigma_0: 0.8402859337043421
