_RICE_CONSTANT:
  xA_0: 6.423088792380352
  xK_0: 1.094110266
  xL_0: 317.549244
  xL_a: 287.533185
  xa_1: 0
  xa_2: 0.00236
  xa_3: 2
  xdelta_A: 0.19305502636175284
  xg_A: 0.23650892943422872
  xgamma: 0.3
  xl_g: -0.04502685462817964
  xmitigation_0: 0.006142294521067404
  xsaving_0: 0.1935190054093292
  xsigma_0: 0.9030425600426633
  xtax: 0.15257566187702687
