_RICE_CONSTANT:
  xA_0: 2.4954933987081405
  xK_0: 0.090493838
  xL_0: 94.487206
  xL_a: 102.997258
  xa_1: 0
  xa_2: 0.00236
  xa_3: 2
  xdelta_A: 0.20191640534026825
  xg_A: 0.20044142789940742
  xgamma: 0.3
  xl_g: 0.036684863649887225
  xmitigation_0: 0.001884420118682506
  xsaving_0: 0.10852317638615294
  xsigma_0: 1.3551515897832325
  xtax: 0.14458240914244147
