_RICE_CONSTANT:
  xA_0: 2.480556451289923
  xK_0: 0.090493838
  xL_0: 94.484285
  xL_a: 102.997258
  xa_1: 0
  xa_2: 0.00236
  xa_3: 2
  xdelta_A: 0.20277540450432627
  xg_A: 0.20063089079847785
  xgamma: 0.3
  xl_g: 0.036907187009908436
  xsigma_0: 1.6646404809736024
