_RICE_CONSTANT:
  xA_0: 10.852953800501595
  xK_0: 17.553847656
  xL_0: 222.891134
  xL_a: 168.350837
  xa_1: 0
  xa_2: 0.00236
  xa_3: 2
  xdelta_A: 0.005000000000006631
  xg_A: -0.00046726965128841526
  xgamma: 0.3
  xl_g: -0.011976043898247184
  xsigma_0: 0.2851271547872655
