_RICE_CONSTANT:
  xA_0: 10.844687517407067
  xK_0: 17.553847656
  xL_0: 223.314746
  xL_a: 168.350837
  xa_1: 0
  xa_2: 0.00236
  xa_3: 2
  xdelta_A: 0.005000000000000303
  xg_A: -0.000550297675298397
  xgamma: 0.3
  xl_g: -0.01259054584633369
  xmitigation_0: 0.012290892118001384
  xsaving_0: 0.27048753126004876
  xsigma_0: 0.27282584812016514
  xtax: 0.19673252102322292
