_RICE_CONSTANT:
  xA_0: 4.062196880610747
  xK_0: 1.00243116
  xL_0: 105.802004
  xL_a: 87.417937
  xa_1: 0
  xa_2: 0.00236
  xa_3: 2
  xdelta_A: 0.1591113609912151
  xg_A: 0.12072147769901684
  xgamma: 0.3
  xl_g: -0.0601282418870515
  xmitigation_0: 0.01494832693528747
  xsaving_0: -0.028825224554732243
  xsigma_0: 0.638773708827664
  xtax: 0.1694220653103642
