_RICE_CONSTANT:
  xA_0: 2.827944164219454
  xK_0: 1.031455498
  xL_0: 573.637433
  xL_a: 681.210099
  xa_1: 0
  xa_2: 0.00236
  xa_3: 2
  xdelta_A: 0.09162172582180778
  xg_A: 0.1031035489478237
  xgamma: 0.3
  xl_g: 0.043239404170555926
  xmitigation_0: 0.004916577592025462
  xsaving_0: 0.11560587596832406
  xsigma_0: 0.62661604094164
  xtax: 0.233067881970199
