_RICE_CONSTANT:
  xA_0: 3.0225361018158186
  xK_0: 0.012556278
  xL_0: 12.079472
  xL_a: 17.390956
  xa_1: 0
  xa_2: 0.00236
  xa_3: 2
  xdelta_A: 0.08008027547243539
  xg_A: 0.10467569514675704
  xgamma: 0.3
  xl_g: 0.01919001089314565
  xmitigation_0: 0.0061945439802852
  xsaving_0: 0.14
  xsigma_0: 0.5280508744463178
  xtax: 0.25
