_RICE_CONSTANT:
  xA_0: 5.447563304654203
  xK_0: 12.2144656
  xL_0: 1412.36
  xL_a: 1064.993456
  xa_1: 0
  xa_2: 0.00236
  xa_3: 2
  xdelta_A: 0.09636237243311581
  xg_A: 0.1683142935946934
  xgamma: 0.3
  xl_g: 0.023419349285347134
  xmitigation_0: 0.007268139653984149
  xsaving_0: 0.47
  xsigma_0: 0.7843765974742037
  xtax: 0.25
