_RICE_CONSTANT:
  xA_0: 1.5885541273503694
  xK_0: 2.59546558704453
  xL_0: 1407.563842
  xL_a: 1447.025612
  xa_1: 0
  xa_2: 0.00236
  xa_3: 2
  xdelta_A: 0.05370265965427618
  xg_A: 0.067630617384936
  xgamma: 0.3
  xl_g: 0.027720389773655936
  xmitigation_0: 0.0
  xsaving_0: 0.28
  xsigma_0: 0.8671484456490304
  xtax: 0.3
