_RICE_CONSTANT:
  xA_0: 5.765479341044103
  xK_0: 2.42910237
  xL_0: 35.950396
  xL_a: 42.231012
  xa_1: 0
  xa_2: 0.00236
  xa_3: 2
  xdelta_A: 0.2337826484231996
  xg_A: 0.12760423413917366
  xgamma: 0.3
  xl_g: 0.026763407339693106
  xmitigation_0: 0.0
  xsaving_0: 0.33999999999999997
  xsigma_0: 0.7362198932006533
  xtax: 0.2
