_RICE_CONSTANT:
  xA_0: 3.8071898597297102
  xK_0: 0.004545738
  xL_0: 0.099258
  xL_a: 0.088327
  xa_1: 0
  xa_2: 0.00236
  xa_3: 2
  xdelta_A: 0.01997979198547827
  xg_A: 0.023881851061903214
  xgamma: 0.3
  xl_g: 0.04024693592622812
  xmitigation_0: 0.025809637388399715
  xsaving_0: 0.35
  xsigma_0: 0.5324903483027954
  xtax: 0.33
