_RICE_CONSTANT:
  xA_0: 1.8724419952820714
  xK_0: 0.239419592
  xL_0: 476.878017
  xL_a: 669.593553
  xa_1: 0
  xa_2: 0.00236
  xa_3: 2
  xdelta_A: 0.13880429539557834
  xg_A: 0.12202134941105497
  xgamma: 0.3
  xl_g: 0.034238352160625596
  xsigma_0: 0.4559257467059924
