_RICE_CONSTANT:
  xA_0: 8.111280036435135
  xK_0: 0.268152174
  xL_0: 28.141422
  xL_a: 23.573851
  xa_1: 0
  xa_2: 0.00236
  xa_3: 2
  xdelta_A: 0.16335430971807735
  xg_A: 0.10573757974990125
  xgamma: 0.3
  xl_g: -0.05715547594428186
  xsigma_0: 0.29029694003558093
