_RICE_CONSTANT:
  xA_0: 4.217213133650901
  xK_0: 3.18362519
  xL_0: 548.75442
  xL_a: 560.054221
  xa_1: 0
  xa_2: 0.00236
  xa_3: 2
  xdelta_A: 0.1703030497846267
  xg_A: 0.09485139864239062
  xgamma: 0.3
  xl_g: 0.08033413573292254
  xsigma_0: 0.3019631318655498
