_RICE_CONSTANT:
  xA_0: 2.5248787296824777
  xK_0: 1.080409098
  xL_0: 69.194146
  xL_a: 100.015768
  xa_1: 0
  xa_2: 0.00236
  xa_3: 2
  xdelta_A: 0.3464232696284064
  xg_A: 0.0785686384327884
  xgamma: 0.3
  xl_g: 0.028895835870575235
  xsigma_0: 1.0104732880546095
