_RICE_CONSTANT:
  xA_0: 29.853559456004625
  xK_0: 0.6867833542603324
  xL_0: 56.355183600000004
  xL_a: 73.75516147
  xa_1: 0
  xa_2: 0.00236
  xa_3: 2
  xdelta_A: 0.08802757142538145
  xg_A: 0.07541285925058157
  xgamma: 0.3
  xl_g: -0.002498605778464897
  xsigma_0: 0.25439108584131914
