_RICE_CONSTANT:
  xA_0: 10.922004036104973
  xK_0: 0.6059142357084183
  xL_0: 705.464681
  xL_a: 532.496728
  xa_1: 0
  xa_2: 0.00236
  xa_3: 2
  xdelta_A: 0.09603760623634239
  xg_A: 0.16817991622593043
  xgamma: 0.3
  xl_g: -0.015844877082389193
  xsigma_0: 0.7813181890031158
