_RICE_CONSTANT:
  xA_0: 8.620918323265558
  xK_0: 0.45330037729157585
  xL_0: 239.85799154000003
  xL_a: 181.04888752000002
  xa_1: 0
  xa_2: 0.00236
  xa_3: 2
  xdelta_A: 0.09603760623634239
  xg_A: 0.16817991622593043
  xgamma: 0.3
  xl_g: -0.015844877127171766
  xsigma_0: 0.7813181890031158
