_RICE_CONSTANT:
  xA_0: 2.033527139192083
  xK_0: 0.3810937821808831
  xL_0: 455.40144705
  xL_a: 477.51845196000005
  xa_1: 0
  xa_2: 0.00236
  xa_3: 2
  xdelta_A: 0.053893489919463196
  xg_A: 0.06812795559760368
  xgamma: 0.3
  xl_g: -0.012597171772754604
  xsigma_0: 0.9487399403167854
