_RICE_CONSTANT:
  xA_0: 13.219587477586199
  xK_0: 16.295084052817813
  xL_0: 502.409662
  xL_a: 445.861101
  xa_1: 0
  xa_2: 0.00236
  xa_3: 2
  xdelta_A: 0.25224119422016716
  xg_A: 0.07423569831381745
  xgamma: 0.3
  xl_g: -0.033398145012670695
  xsigma_0: 0.17048017530013193
