_RICE_CONSTANT:
  xA_0: 3.1898536850408714
  xK_0: 0.04377547603423107
  xL_0: 234.60074545
  xL_a: 245.99435404000002
  xa_1: 0
  xa_2: 0.00236
  xa_3: 2
  xdelta_A: 0.05389348561714375
  xg_A: 0.06812795377170236
  xgamma: 0.3
  xl_g: -0.012597171800996251
  xsigma_0: 0.9487399403167854
