_RICE_CONSTANT:
  xA_0: 2.7159049409990375
  xK_0: 1.0340369
  xL_0: 573.818276
  xL_a: 681.210099
  xa_1: 0
  xa_2: 0.00236
  xa_3: 2
  xdelta_A: 0.09686897303646223
  xg_A: 0.10149076832484585
  xgamma: 0.3
  xl_g: 0.04313067107477931
  xsigma_0: 0.6378326935010085
